6 0.430257 0.105706 0.145055 0.211411
6 0.725123 0.123619 0.191402 0.247238
6 0.054059 0.270010 0.108119 0.540020
6 0.641875 0.071459 0.097255 0.142207
6 0.137340 0.282138 0.195664 0.553729
6 0.545145 0.106557 0.160001 0.174692
6 0.954138 0.072158 0.090885 0.139883
6 0.827637 0.135099 0.152632 0.171082
6 0.575212 0.592969 0.804564 0.799840
6 0.587056 0.595721 0.819319 0.799161
6 0.037355 0.254509 0.074710 0.507897
6 0.266007 0.144529 0.141556 0.289059
6 0.394319 0.588442 0.450654 0.779273
6 0.260377 0.091808 0.128026 0.183616
6 0.949475 0.105375 0.100556 0.209249
6 0.034114 0.085746 0.068041 0.170346
