0 0.835902 0.112889 0.253000 0.157310
0 0.869818 0.828736 0.202419 0.223910
0 0.167684 0.111418 0.239760 0.188086
0 0.495097 0.320195 0.255702 0.200901
0 0.860226 0.345196 0.204289 0.179066
0 0.191784 0.358963 0.222552 0.186022
0 0.508678 0.600897 0.220177 0.224355
0 0.191463 0.358247 0.222362 0.186099
0 0.878062 0.596224 0.214542 0.160009
0 0.878124 0.596168 0.215068 0.161463
0 0.176504 0.612555 0.214388 0.146655
0 0.187106 0.852356 0.221071 0.201284
0 0.186823 0.849843 0.220739 0.194804
0 0.176153 0.613608 0.215505 0.147368
